40628.62, 92.00
40638.62, 192.00
40578.64, 292.00
40380.31, 392.00
40181.96, 492.00
40100.37, 592.00
40060.39, 692.00
39990.40, 792.00
39748.87, 892.00
39498.94, 992.00
30712.63, 1092.00
26442.60, 1192.00
26213.71, 1292.00
25874.83, 1392.00
25741.76, 1492.00
24936.01, 1592.00
22064.71, 1692.00
19985.21, 1892.00
22256.44, 1992.00
26653.60, 2092.00
35032.99, 2192.00
32699.54, 2292.00
27484.50, 2392.00
25995.84, 2492.00
29151.84, 2592.00
39980.41, 2692.00
53804.17, 2792.00
-140000.00, 2892.00
-140000.00, 2892.00
-140000.00, 2992.00
-140000.00, 2992.00
-140000.00, 2992.00
-140000.00, 3092.00
-140000.00, 3092.00
-140000.00, 3192.00
-140000.00, 3192.00
-140000.00, 3192.00
-140000.00, 3292.00
-140000.00, 3292.00
-140000.00, 3392.00
101052.78, 3492.00
87664.93, 3592.00
72046.95, 3692.00
59073.46, 3792.00
53691.41, 3892.00
46996.84, 3992.00
41811.64, 4092.00
37364.02, 4192.00
36032.79, 4292.00
38975.97, 4392.00
43281.34, 4492.00
43797.74, 4692.00
46620.67, 4792.00
49330.14, 4892.00
52791.00, 4992.00
56092.05, 5092.00
56024.31, 5192.00
58783.54, 5292.00
62025.12, 5392.00
62235.06, 5492.00
63062.34, 5592.00
64627.07, 5692.00
65866.83, 5792.00
67125.84, 5892.00
69802.08, 5992.00
72331.07, 6092.00
73773.44, 6192.00
75962.66, 6292.00
76895.40, 6392.00
80577.78, 6592.00
84532.96, 6692.00
85912.51, 6792.00
86905.24, 6892.00
88957.98, 6992.00
89840.48, 7092.00
90250.29, 7192.00
90937.27, 7292.00
93573.80, 7392.00
96446.85, 7492.00
98880.45, 7592.00
99974.02, 7692.00
101729.32, 7792.00
105171.10, 7892.00
108296.36, 7992.00
110301.76, 8092.00
112778.80, 8192.00
115106.34, 8392.00
117352.03, 8492.00
120093.93, 8592.00
121837.92, 8692.00
123940.77, 8792.00
126558.63, 8892.00
128256.35, 8992.00
129366.85, 9092.00
130878.18, 9192.00
131587.35, 9292.00
129827.86, 9392.00
124815.14, 9492.00
115617.51, 9592.00
111422.07, 9692.00
109137.62, 9792.00
108319.34, 9892.00
107953.87, 9992.00
107614.04, 10192.00
106336.20, 10292.00
105017.00, 10392.00
103282.17, 10492.00
101295.43, 10592.00
99668.17, 10692.00
97984.73, 10792.00
96519.12, 10892.00
94892.05, 10992.00
93202.72, 11092.00
91873.25, 11192.00
90368.31, 11292.00
88554.58, 11392.00
87680.90, 11492.00
86358.91, 11592.00
85629.17, 11692.00
84826.25, 11792.00
82926.83, 11892.00
80667.42, 12092.00
78328.67, 12192.00
77602.07, 12292.00
76822.35, 12392.00
75865.73, 12492.00
75259.90, 12592.00
74483.19, 12692.00
73756.40, 12792.00
72669.66, 12892.00
71632.82, 12992.00
70557.42, 13092.00
69393.35, 13192.00
67843.72, 13292.00
65798.95, 13392.00
63989.52, 13492.00
63014.88, 13592.00
62505.00, 13692.00
61455.25, 13892.00
60130.76, 13992.00
58915.86, 14092.00
57271.67, 14192.00
55052.38, 14292.00
53997.04, 14392.00
52767.33, 14492.00
51097.74, 14592.00
49652.12, 14692.00
48462.55, 14792.00
47786.62, 14892.00
47421.03, 14992.00
47594.77, 15092.00
47310.54, 15192.00
46708.79, 15292.00
46298.89, 15392.00
45260.95, 15492.00
44217.62, 15592.00
43519.55, 15792.00
43116.20, 15892.00
42511.50, 15992.00
41938.26, 16092.00
41176.82, 16192.00
40591.88, 16292.00
40120.37, 16392.00
39388.97, 16492.00
38652.27, 16592.00
38027.83, 16692.00
37119.60, 16792.00
36149.88, 16892.00
35470.07, 16992.00
35044.39, 17092.00
34483.10, 17192.00
33384.66, 17292.00
32131.00, 17392.00
31573.69, 17592.00
31043.79, 17692.00
30491.46, 17792.00
29141.84, 17892.00
28173.24, 17992.00
28075.51, 18092.00
27735.57, 18192.00
27373.43, 18292.00
26942.46, 18392.00
26563.63, 18492.00
26321.58, 18592.00
26182.67, 18692.00
26045.83, 18792.00
25933.78, 18892.00
25815.87, 18992.00
25714.86, 19092.00
25632.82, 19192.00
25563.86, 19292.00
25494.90, 19492.00
25464.91, 19592.00
25435.93, 19692.00
25404.92, 19792.00
25403.90, 19892.00
25445.93, 19992.00
25502.86, 20092.00
25564.89, 20192.00
25732.80, 20292.00
25823.80, 20392.00
25752.79, 20492.00
25634.87, 20592.00
25514.90, 20692.00
25375.94, 20792.00
25214.96, 20892.00
25184.96, 20992.00
25304.94, 21092.00
25373.91, 21192.00
25450.84, 21392.00
25684.86, 21492.00
25912.75, 21592.00
26112.69, 21692.00
26413.66, 21792.00
26785.72, 21892.00
27374.52, 21992.00
27792.22, 22092.00
28385.46, 22192.00
29331.79, 22292.00
30143.97, 22392.00
31191.27, 22492.00
32022.32, 22592.00
32260.97, 22692.00
32383.52, 22792.00
32613.48, 22892.00
32780.82, 22992.00
32674.77, 23192.00
32653.47, 23292.00
32673.47, 23392.00
32793.44, 23492.00
32499.60, 23592.00
32172.28, 23692.00
32023.60, 23792.00
31949.78, 23892.00
31953.61, 23992.00
31929.78, 24092.00
32193.56, 24192.00
32510.90, 24292.00
32612.17, 24392.00
32912.10, 24492.00
33262.02, 24592.00
33423.32, 24692.00
33574.63, 24792.00
33697.87, 24892.00
33973.21, 25092.00
35210.14, 25192.00
36302.74, 25292.00
36742.65, 25392.00
37441.01, 25492.00
38439.24, 25592.00
39450.53, 25692.00
39401.09, 25792.00
39773.64, 25892.00
40746.96, 25992.00
42658.05, 26092.00
46218.91, 26192.00
50587.85, 26292.00
52507.39, 26392.00
53581.42, 26492.00
54546.91, 26592.00
56686.40, 26692.00
57741.52, 26892.00
58301.34, 26992.00
59123.44, 27092.00
59921.23, 27192.00
60675.44, 27292.00
61487.86, 27392.00
62157.57, 27492.00
62884.91, 27592.00
63679.62, 27692.00
64307.14, 27792.00
64957.01, 27892.00
65678.99, 27992.00
65864.20, 28092.00
67143.15, 28192.00
67795.60, 28292.00
68680.78, 28392.00
69627.72, 28492.00
69923.22, 28592.00
71048.64, 28792.00
72522.60, 28892.00
73446.50, 28992.00
74300.28, 29092.00
74993.00, 29192.00
76385.56, 29292.00
77152.23, 29392.00
77445.22, 29492.00
78745.35, 29592.00
79907.63, 29692.00
81573.90, 29792.00
83360.00, 29892.00
84762.71, 29992.00
86008.71, 30092.00
87501.50, 30192.00
89688.25, 30292.00
91256.21, 30392.00
92153.14, 30592.00
93125.31, 30692.00
94495.98, 30792.00
96216.12, 30892.00
98838.37, 30992.00
101798.92, 31092.00
104676.51, 31192.00
106773.03, 31292.00
109361.26, 31392.00
112221.65, 31492.00
114448.45, 31592.00
117418.94, 31692.00
120384.07, 31792.00
123401.40, 31892.00
125649.43, 31992.00
127063.10, 32092.00
128301.70, 32192.00
130872.49, 32292.00
132946.42, 32492.00
132853.37, 32592.00
132854.01, 32692.00
131051.28, 32792.00
128514.94, 32892.00
123901.15, 32992.00
121053.47, 33092.00
118911.09, 33192.00
116480.11, 33292.00
114734.10, 33392.00
114037.02, 33492.00
113532.81, 33592.00
112783.31, 33692.00
111684.05, 33792.00
110087.53, 33892.00
108295.03, 33992.00
106020.63, 34092.00
102654.84, 34292.00
99824.10, 34392.00
97887.35, 34492.00
96541.39, 34592.00
96191.53, 34692.00
95646.44, 34792.00
94327.18, 34892.00
92732.91, 34992.00
92486.71, 35092.00
92090.53, 35192.00
91193.53, 35292.00
89931.22, 35392.00
88370.52, 35492.00
85342.69, 35592.00
83273.35, 35692.00
82167.14, 35792.00
80614.21, 35892.00
79554.55, 35992.00
78198.72, 36192.00
76295.59, 36292.00
73819.33, 36392.00
71755.65, 36492.00
70530.25, 36592.00
70690.21, 36692.00
70056.00, 36792.00
69350.58, 36892.00
67548.39, 36992.00
67532.99, 37092.00
66901.27, 37192.00
65229.57, 37292.00
60780.55, 37392.00
57836.12, 37492.00
56864.08, 37592.00
55022.39, 37692.00
53199.36, 37792.00
51559.69, 37992.00
50057.99, 38092.00
49342.10, 38192.00
49516.14, 38292.00
49676.09, 38392.00
49680.06, 38492.00
49216.22, 38592.00
47490.50, 38692.00
45617.23, 38792.00
44255.83, 38892.00
42429.82, 38992.00
40371.92, 39092.00
39320.56, 39192.00
38259.29, 39292.00
37392.52, 39392.00
35929.94, 39492.00
34264.52, 39592.00
33581.94, 39692.00
33403.32, 39892.00
33303.34, 39992.00
32923.41, 40092.00
32543.49, 40192.00
32362.23, 40292.00
31511.18, 40392.00
29914.02, 40492.00
28653.12, 40592.00
28595.42, 40692.00
28764.25, 40792.00
28765.40, 40892.00
28991.88, 40992.00
28751.95, 41092.00
28402.05, 41192.00
27641.16, 41292.00
27133.49, 41392.00
26604.68, 41492.00
26103.74, 41692.00
25793.81, 41792.00
25641.80, 41892.00
25584.88, 41992.00
25453.89, 42092.00
25223.95, 42192.00
25013.00, 42292.00
24896.02, 42392.00
24795.04, 42492.00
24714.07, 42592.00
24634.09, 42692.00
24514.12, 42792.00
24383.17, 42892.00
24304.17, 42992.00
24233.22, 43092.00
24156.14, 43192.00
24074.22, 43292.00
23993.28, 43392.00
23924.26, 43592.00
23903.31, 43692.00
23885.22, 43792.00
23862.37, 43892.00
23794.29, 43992.00
23714.31, 44092.00
23695.26, 44192.00
23675.27, 44292.00
23655.27, 44392.00
23964.25, 44492.00
25053.99, 44592.00
26222.66, 44692.00
27004.60, 44792.00
27584.49, 44892.00
27773.33, 44992.00
27205.65, 45092.00
26715.73, 45192.00
25522.85, 45392.00
25973.77, 45492.00
26962.45, 45592.00
26045.83, 45692.00
23705.26, 45792.00
22244.66, 45892.00
21474.85, 45992.00
21004.96, 46092.00
20665.87, 46192.00
20475.91, 46292.00
20414.28, 46392.00
20364.30, 46492.00
20316.75, 46592.00
20606.70, 46692.00
20786.67, 46792.00
20595.88, 46892.00
20513.44, 46992.00
20416.73, 47092.00
20285.94, 47292.00
20185.96, 47392.00
20005.20, 47492.00
19605.30, 47592.00
18366.33, 47692.00
17176.57, 47792.00
16536.69, 47892.00
15584.39, 47992.00
14437.69, 48092.00
13567.29, 48192.00
12576.48, 48292.00
11807.64, 48392.00
11217.76, 48492.00
10797.84, 48592.00
9838.03, 48692.00
8968.21, 48792.00
8748.60, 48892.00
8357.99, 48992.00
7868.74, 49192.00
7398.82, 49292.00
7038.31, 49392.00
6748.38, 49492.00
6448.71, 49592.00
6188.51, 49692.00
5928.81, 49792.00
5769.08, 49892.00
5598.88, 49992.00
5448.91, 50092.00
5278.94, 50192.00
5118.98, 50292.00
4989.00, 50392.00
4879.02, 50492.00
4729.05, 50592.00
4609.08, 50692.00
4469.11, 50792.00
4339.31, 50992.00
4149.34, 51092.00
3909.22, 51192.00
3559.15, 51292.00
3269.35, 51392.00
3119.38, 51492.00
2999.40, 51592.00
2919.42, 51692.00
2839.32, 51792.00
2769.56, 51892.00
2689.46, 51992.00
2629.47, 52092.00
2599.58, 52192.00
2559.49, 52292.00
2559.28, 52392.00
2559.39, 52492.00
2589.48, 52592.00
2629.47, 52692.00
2679.46, 52892.00
2749.34, 52992.00
2779.56, 53092.00
2799.44, 53192.00
2849.54, 53292.00
2899.42, 53392.00
2949.29, 53492.00
3019.52, 53592.00
3139.50, 53692.00
3269.08, 53792.00
3379.46, 53892.00
3459.31, 53992.00
3559.15, 54092.00
3669.41, 54192.00
3779.24, 54292.00
3909.22, 54392.00
4059.19, 54492.00
4169.17, 54592.00
4329.13, 54792.00
4539.27, 54892.00
4759.05, 54992.00
4869.03, 55092.00
5018.80, 55192.00
5228.95, 55292.00
5519.12, 55392.00
5838.60, 55492.00
6198.76, 55592.00
6678.93, 55692.00
7158.57, 55792.00
7688.46, 55892.00
8188.36, 55992.00
8608.62, 56092.00
9158.17, 56192.00
10008.00, 56292.00
10998.24, 56392.00
11597.68, 56592.00
12147.57, 56692.00
12735.92, 56792.00
13246.82, 56892.00
13705.62, 56992.00
14067.19, 57092.00
14436.54, 57192.00
14706.47, 57292.00
14975.81, 57392.00
15226.35, 57492.00
15676.86, 57592.00
16206.76, 57692.00
16994.56, 57792.00
17675.76, 57892.00
17916.42, 57992.00
18074.94, 58092.00
18155.64, 58192.00
18394.11, 58292.00
18856.23, 58492.00
19446.89, 58592.00
19695.27, 58692.00
19796.04, 58792.00
19872.85, 58892.00
20026.00, 58992.00
20106.78, 59092.00
20106.78, 59192.00
20175.97, 59292.00
20356.74, 59392.00
20585.88, 59492.00
20595.06, 59592.00
20515.08, 59692.00
20535.89, 59792.00
20856.66, 59892.00
21363.16, 59992.00
21813.89, 60092.00
21725.66, 60192.00
21346.59, 60392.00
20774.18, 60492.00
21014.96, 60592.00
21583.96, 60692.00
21962.97, 60792.00
22402.83, 60892.00
23283.48, 60992.00
23964.25, 61092.00
24493.14, 61192.00
25003.00, 61292.00
25342.91, 61392.00
25714.86, 61492.00
25844.83, 61592.00
25732.80, 61692.00
25604.88, 61792.00
25824.84, 61892.00
26074.79, 61992.00
26321.58, 62192.00
26533.63, 62292.00
26734.65, 62392.00
26914.62, 62492.00
26852.48, 62592.00
26844.63, 62692.00
26912.47, 62792.00
27035.67, 62892.00
27254.55, 62992.00
27543.39, 63092.00
27873.31, 63192.00
28254.35, 63292.00
28564.29, 63392.00
29321.79, 63492.00
31663.67, 63592.00
34704.45, 63692.00
37404.01, 63792.00
41968.25, 63892.00
46275.19, 64092.00
52277.46, 64192.00
55446.69, 64292.00
57533.89, 64392.00
61045.58, 64492.00
62085.10, 64592.00
62552.48, 64692.00
64047.19, 64792.00
64989.21, 64892.00
65891.56, 64992.00
67278.47, 65092.00
68088.21, 65192.00
68506.30, 65292.00
68303.61, 65392.00
67456.51, 65492.00
65688.98, 65592.00
64267.15, 65692.00
60670.58, 65892.00
54636.89, 65992.00
48560.29, 66092.00
43875.96, 66192.00
40557.02, 66292.00
39392.12, 66392.00
36829.69, 66492.00
35749.99, 66592.00
36134.22, 66692.00
35809.97, 66792.00
34861.63, 66892.00
34580.32, 66992.00
33880.51, 67092.00
33481.96, 67192.00
33092.06, 67292.00
32422.22, 67392.00
32220.98, 67492.00
32092.30, 67592.00
32011.04, 67792.00
31652.41, 67892.00
31399.95, 67992.00
32164.85, 68092.00
33570.60, 68192.00
35382.92, 68292.00
36739.71, 68392.00
37877.88, 68492.00
40601.88, 68592.00
41028.51, 68692.00
36271.29, 68792.00
36108.44, 68892.00
40150.36, 68992.00
46295.19, 69092.00
54534.73, 69192.00
59975.60, 69292.00
64184.59, 69392.00
64501.62, 69492.00
59478.10, 69692.00
55572.22, 69792.00
54160.50, 69892.00
53651.42, 69992.00
53505.02, 70092.00
52825.21, 70192.00
51539.38, 70292.00
50375.89, 70392.00
49318.16, 70492.00
46482.56, 70592.00
41989.92, 70692.00
38590.74, 70792.00
36118.44, 70892.00
33863.23, 70992.00
30034.00, 71092.00
27065.67, 71192.00
25795.87, 71292.00
24734.06, 71492.00
23935.21, 71592.00
23356.26, 71692.00
22794.53, 71792.00
22176.45, 71892.00
21594.82, 71992.00
21176.61, 72092.00
20905.82, 72192.00
20805.84, 72292.00
20975.81, 72392.00
21135.77, 72492.00
21235.75, 72592.00
21453.99, 72692.00
22064.71, 72792.00
22785.44, 72892.00
22985.41, 72992.00
22253.77, 73092.00
21576.55, 73192.00
20785.84, 73392.00
20126.78, 73492.00
19726.06, 73592.00
19516.88, 73692.00
19486.10, 73792.00
19603.73, 73892.00
19855.24, 73992.00
20264.33, 74092.00
20846.66, 74192.00
21552.24, 74292.00
22214.67, 74392.00
22742.72, 74492.00
23185.36, 74592.00
23515.30, 74692.00
23834.28, 74792.00
24125.17, 74892.00
24466.09, 74992.00
24724.07, 75192.00
24933.02, 75292.00
24894.02, 75392.00
25005.00, 75492.00
25252.93, 75592.00
25455.93, 75692.00
25693.83, 75792.00
25914.82, 75892.00
26074.79, 75992.00
26144.77, 76092.00
26245.80, 76192.00
26352.62, 76292.00
26472.59, 76392.00
26604.68, 76492.00
26704.66, 76592.00
26744.65, 76692.00
26782.50, 76792.00
26822.49, 76892.00
26932.46, 77092.00
26984.60, 77192.00
27064.59, 77292.00
27123.49, 77392.00
27212.38, 77492.00
27262.37, 77592.00
27322.35, 77692.00
27322.35, 77792.00
27223.47, 77892.00
26983.53, 77992.00
26454.71, 78092.00
26073.74, 78192.00
25503.88, 78292.00
25052.99, 78392.00
24794.05, 78492.00
24732.08, 78592.00
24933.02, 78692.00
25272.92, 78792.00
25354.93, 78992.00
25305.95, 79092.00
25253.94, 79192.00
25054.99, 79292.00
24895.02, 79392.00
25104.98, 79492.00
25034.99, 79592.00
25054.99, 79692.00
24845.03, 79792.00
24356.10, 79892.00
23785.25, 79992.00
23435.31, 80092.00
23343.47, 80192.00
23346.27, 80292.00
23453.43, 80392.00
23403.45, 80492.00
23483.42, 80592.00
23464.37, 80792.00
23235.35, 80892.00
22935.41, 80992.00
22744.54, 81092.00
22545.49, 81192.00
22125.58, 81292.00
21773.90, 81392.00
21734.79, 81492.00
21822.15, 81592.00
21763.91, 81692.00
21675.66, 81792.00
21596.55, 81892.00
21464.85, 81992.00
21265.75, 82092.00
21346.59, 82192.00
21426.57, 82292.00
21475.71, 82392.00
21535.69, 82492.00
21474.85, 82692.00
21364.87, 82792.00
21346.59, 82892.00
21304.04, 82992.00
21225.76, 83092.00
21164.92, 83192.00
21095.78, 83292.00
21054.95, 83392.00
21016.64, 83492.00
21045.79, 83592.00
21105.78, 83692.00
21144.93, 83792.00
21156.62, 83892.00
21134.93, 83992.00
21113.25, 84092.00
21065.79, 84192.00
21014.12, 84292.00
20984.97, 84492.00
20924.98, 84592.00
20856.66, 84692.00
20895.82, 84792.00
21026.64, 84892.00
21045.79, 84992.00
20984.13, 85092.00
20895.82, 85192.00
20935.81, 85292.00
20546.71, 85392.00
23576.23, 85492.00
29914.02, 85592.00
31753.65, 85692.00
30835.07, 85792.00
29842.84, 85892.00
28537.44, 85992.00
27331.26, 86092.00
26463.65, 86192.00
26182.67, 86392.00
26863.55, 86492.00
27343.44, 86592.00
27384.52, 86692.00
27322.35, 86792.00
27421.23, 86892.00
27445.61, 86992.00
27434.51, 87092.00
27612.27, 87192.00
27713.35, 87292.00
27413.42, 87392.00
27334.54, 87492.00
27313.45, 87592.00
27402.33, 87692.00
27774.44, 87792.00
27983.29, 87892.00
27894.42, 87992.00
27785.56, 88192.00
27814.44, 88292.00
27811.10, 88392.00
27781.11, 88492.00
27014.60, 88592.00
27053.51, 88692.00
27473.41, 88792.00
27614.48, 88892.00
27623.37, 88992.00
27475.60, 89092.00
27095.67, 89192.00
27083.50, 89292.00
27165.65, 89392.00
27175.65, 89492.00
27255.64, 89592.00
26483.64, 89692.00
23054.47, 89792.00
8408.65, 89892.00
3569.14, 90092.00
3249.35, 90192.00
3439.31, 90292.00
3679.26, 90392.00
3809.24, 90492.00
4119.34, 90592.00
8678.26, 90692.00
15036.99, 90792.00
16526.03, 90892.00
10657.87, 90992.00
7068.87, 91092.00
5049.19, 91192.00
3879.22, 91292.00
3709.26, 91392.00
3679.41, 91492.00
3619.28, 91592.00
3599.28, 91692.00
3639.13, 91792.00
3669.27, 91992.00
3659.12, 92092.00
3659.27, 92192.00
3639.42, 92292.00
3629.27, 92392.00
3669.12, 92492.00
3729.25, 92592.00
3779.09, 92692.00
3799.39, 92792.00
3829.23, 92892.00
3839.23, 92992.00
3809.09, 93092.00
3809.24, 93192.00
3789.09, 93292.00
3779.09, 93392.00
3789.24, 93492.00
3859.23, 93592.00
3979.20, 93792.00
4089.18, 93892.00
4158.67, 93992.00
4169.33, 94092.00
4149.00, 94192.00
4149.34, 94292.00
4159.33, 94392.00
4189.16, 94492.00
4189.16, 94592.00
4179.16, 94692.00
4159.17, 94792.00
4159.33, 94892.00
4179.00, 94992.00
4199.33, 95092.00
4219.16, 95192.00
4248.98, 95292.00
4248.98, 95392.00
4259.15, 95492.00
4239.15, 95692.00
4238.98, 95792.00
4249.15, 95892.00
4258.98, 95992.00
4278.97, 96092.00
4289.14, 96192.00
4299.14, 96292.00
4289.14, 96392.00
4279.14, 96492.00
4289.31, 96592.00
4299.31, 96692.00
4308.97, 96792.00
4318.96, 96892.00
4349.13, 96992.00
4369.13, 97092.00
4398.94, 97192.00
4389.12, 97292.00
4399.12, 97392.00
4429.11, 97592.00
4429.11, 97692.00
4439.11, 97792.00
4449.11, 97892.00
4439.29, 97992.00
4439.11, 98092.00
4409.29, 98192.00
4408.94, 98292.00
4419.12, 98392.00
4389.30, 98492.00
4379.30, 98592.00
4399.30, 98692.00
4409.12, 98792.00
4439.11, 98892.00
4449.11, 98992.00
4419.29, 99092.00
4389.12, 99192.00
4398.94, 99292.00
4428.94, 99492.00
4419.12, 99592.00
4429.11, 99692.00
4438.76, 99792.00
4459.11, 99892.00
4429.29, 99992.00
4409.29, 100092.00
4419.29, 100192.00
4429.11, 100292.00
4459.29, 100392.00
4869.22, 100492.00
6598.94, 100592.00
8298.67, 100692.00
10777.41, 100792.00
15406.30, 100892.00
18365.59, 100992.00
19346.13, 101092.00
19686.85, 101292.00
19815.25, 101392.00
18445.57, 101492.00
9628.46, 101592.00
5488.68, 101692.00
4869.03, 101792.00
4618.89, 101892.00
4399.12, 101992.00
4278.97, 102092.00
4249.15, 102192.00
4249.15, 102292.00
4249.32, 102392.00
4269.15, 102492.00
4268.80, 102592.00
4259.15, 102692.00
4269.32, 102792.00
4299.31, 102892.00
4289.14, 102992.00
4289.31, 103192.00
4298.62, 103292.00
4299.31, 103392.00
4319.14, 103492.00
4288.97, 103592.00
4268.98, 103692.00
4249.32, 103792.00
4208.99, 103892.00
4238.81, 103992.00
4278.97, 104092.00
4329.31, 104192.00
4398.77, 104292.00
4448.75, 104392.00
4508.92, 104492.00
4539.09, 104592.00
4568.54, 104692.00
4539.09, 104792.00
4529.28, 104892.00
4539.09, 105092.00
4509.28, 105192.00
4519.28, 105292.00
4499.10, 105392.00
4519.10, 105492.00
4518.73, 105592.00
4519.10, 105692.00
4409.12, 105792.00
4629.26, 105892.00
4879.02, 105992.00
4839.03, 106092.00
4559.09, 106192.00
4309.14, 106292.00
4179.16, 106392.00
4109.18, 106492.00
4039.03, 106592.00
3979.04, 106692.00
3949.21, 106892.00
3879.22, 106992.00
3798.94, 107092.00
3629.27, 107192.00
3459.31, 107292.00
3519.30, 107392.00
3569.43, 107492.00
3589.28, 107592.00
3619.42, 107692.00
3659.27, 107792.00
3679.26, 107892.00
3659.41, 107992.00
3649.27, 108092.00
3659.12, 108192.00
3659.41, 108292.00
3679.26, 108392.00
3689.11, 108492.00
3709.26, 108592.00
3699.41, 108792.00
3689.26, 108892.00
3709.11, 108992.00
3779.09, 109092.00
3859.23, 109192.00
3968.89, 109292.00
4019.04, 109392.00
4049.19, 109492.00
4149.17, 109592.00
4199.33, 109692.00
4219.32, 109792.00
4199.16, 109892.00
4198.99, 109992.00
4189.16, 110092.00
4169.17, 110192.00
4159.17, 110292.00
4159.00, 110392.00
4159.17, 110492.00
4179.16, 110692.00
4199.16, 110792.00
4219.16, 110892.00
4239.15, 110992.00
4239.32, 111092.00
4259.32, 111192.00
4259.15, 111292.00
4259.15, 111392.00
4278.97, 111492.00
4279.32, 111592.00
4289.14, 111692.00
4299.31, 111792.00
4309.14, 111892.00
4319.14, 111992.00
4309.14, 112092.00
4289.31, 112192.00
4299.14, 112292.00
4299.31, 112392.00
4309.14, 112592.00
4309.14, 112692.00
4319.31, 112792.00
4329.31, 112892.00
4308.97, 112992.00
4289.14, 113092.00
4298.97, 113192.00
4319.14, 113292.00
4339.13, 113392.00
4349.13, 113492.00
4349.30, 113592.00
4339.13, 113692.00
4329.31, 113792.00
4279.14, 113892.00
4259.32, 113992.00
4299.31, 114092.00
4318.96, 114192.00
4339.31, 114392.00
4359.13, 114492.00
4388.77, 114592.00
4409.12, 114692.00
4379.12, 114792.00
4379.30, 114892.00
4429.11, 114992.00
4429.29, 115092.00
4468.75, 115192.00
4509.10, 115292.00
4738.67, 115392.00
6348.22, 115492.00
13977.76, 115592.00
19926.81, 115692.00
20925.82, 115792.00
21195.76, 115892.00
23225.36, 115992.00
24794.05, 116092.00
25375.94, 116292.00
23746.20, 116392.00
9388.12, 116492.00
4679.25, 116592.00
4399.30, 116692.00
4259.15, 116792.00
4169.33, 116892.00
4119.18, 116992.00
4099.18, 117092.00
4079.02, 117192.00
4059.35, 117292.00
4049.03, 117392.00
4029.03, 117492.00
4029.19, 117592.00
4038.87, 117692.00
4039.35, 117792.00
4039.19, 117892.00
4059.19, 117992.00
4069.35, 118192.00
4069.35, 118292.00
4069.02, 118392.00
4059.19, 118492.00
4069.19, 118592.00
4069.02, 118692.00
4069.19, 118792.00
4069.02, 118892.00
4079.35, 118992.00
4089.18, 119092.00
4099.02, 119192.00
4069.19, 119292.00
4069.35, 119392.00
4069.35, 119492.00
4079.35, 119592.00
4079.18, 119692.00
4089.18, 119792.00
4089.02, 119892.00
4089.35, 120092.00
4069.19, 120192.00
4069.19, 120292.00
4079.18, 120392.00
4088.69, 120492.00
4079.02, 120592.00
4089.02, 120692.00
4089.18, 120792.00
4099.02, 120892.00
4079.18, 120992.00
4089.35, 121092.00
4089.18, 121192.00
4099.34, 121292.00
4109.01, 121392.00
4109.01, 121492.00
4098.69, 121592.00
4089.18, 121692.00
4069.19, 121892.00
4069.19, 121992.00
4069.35, 122092.00
4059.19, 122192.00
4069.35, 122292.00
4059.19, 122392.00
4069.19, 122492.00
4049.03, 122592.00
4039.35, 122692.00
4049.35, 122792.00
4059.35, 122892.00
4079.18, 122992.00
4069.02, 123092.00
4079.18, 123192.00
4069.19, 123292.00
4069.35, 123392.00
4049.35, 123492.00
4059.35, 123592.00
4069.19, 123792.00
4069.35, 123892.00
4069.19, 123992.00
4069.02, 124092.00
4069.19, 124192.00
4059.03, 124292.00
4059.03, 124392.00
4069.19, 124492.00
4078.86, 124592.00
4119.34, 124692.00
4139.17, 124792.00
4139.34, 124892.00
4129.34, 124992.00
4109.18, 125092.00
4099.02, 125192.00
4099.02, 125292.00
4109.01, 125392.00
4118.85, 125492.00
4109.34, 125692.00
4109.01, 125792.00
4109.34, 125892.00
4109.18, 125992.00
4089.35, 126092.00
4079.02, 126192.00
4069.19, 126292.00
4049.03, 126392.00
4049.35, 126492.00
4039.03, 126592.00
4039.35, 126692.00
4029.36, 126792.00
3999.36, 126892.00
3989.20, 126992.00
3989.20, 127092.00
3959.37, 127192.00
3939.37, 127292.00
3929.37, 127492.00
3929.06, 127592.00
3949.37, 127692.00
3939.05, 127792.00
3959.37, 127892.00
3968.89, 127992.00
3979.36, 128092.00
3999.04, 128192.00
3999.36, 128292.00
3999.36, 128392.00
3999.20, 128492.00
3969.36, 128592.00
3978.89, 128692.00
4009.20, 128792.00
4009.36, 128892.00
3999.04, 128992.00
3999.04, 129092.00
3999.20, 129192.00
4009.20, 129392.00
4019.20, 129492.00
4049.35, 129592.00
4058.86, 129692.00
4089.02, 129792.00
4259.15, 129892.00
5228.95, 129992.00
11567.69, 130092.00
11955.70, 130192.00
3689.41, 130292.00
3499.30, 130392.00
3719.26, 130492.00
9877.23, 130592.00
17036.59, 130692.00
4859.22, 130792.00
3839.23, 130892.00
3849.23, 130992.00
3979.04, 131092.00
9868.03, 131292.00
9927.62, 131392.00
3469.44, 131492.00
3439.17, 131592.00
3469.31, 131692.00
3579.00, 131792.00
5838.60, 131892.00
16826.64, 131992.00
5439.13, 132092.00
3279.34, 132192.00
3229.35, 132292.00
3259.35, 132392.00
3379.32, 132492.00
5938.81, 132592.00
15156.36, 132692.00
4459.11, 132792.00
3169.24, 132892.00
3169.37, 133092.00
3209.10, 133192.00
3379.32, 133292.00
5718.86, 133392.00
12347.04, 133492.00
3989.36, 133592.00
3159.37, 133692.00
3179.36, 133792.00
3239.22, 133892.00
4269.15, 133992.00
7818.12, 134092.00
7928.73, 134192.00
3299.34, 134292.00
3029.27, 134392.00
3089.26, 134492.00
3109.38, 134592.00
3339.47, 134692.00
6698.12, 134792.00
13935.54, 134992.00
5478.68, 135092.00
3169.49, 135192.00
3089.13, 135292.00
3169.49, 135392.00
3319.47, 135492.00
5858.83, 135592.00
12518.00, 135692.00
3729.25, 135792.00
3109.38, 135892.00
3129.37, 135992.00
3219.36, 136092.00
4129.17, 136192.00
9718.45, 136292.00
4299.14, 136392.00
3159.24, 136492.00
3149.24, 136592.00
3159.37, 136692.00
3539.29, 136892.00
7418.52, 136992.00
6988.04, 137092.00
3239.48, 137192.00
3099.38, 137292.00
3149.37, 137392.00
3179.49, 137492.00
4219.32, 137592.00
9668.07, 137692.00
4318.96, 137792.00
3059.39, 137892.00
3069.51, 137992.00
3179.36, 138092.00
4149.17, 138192.00
4939.21, 138292.00
3179.49, 138392.00
3059.27, 138492.00
3089.51, 138592.00
3249.35, 138792.00
5468.69, 138892.00
8448.31, 138992.00
3389.46, 139092.00
3169.37, 139192.00
3109.50, 139292.00
3139.25, 139392.00
4129.17, 139492.00
7008.88, 139592.00
4448.75, 139692.00
3079.38, 139792.00
3018.91, 139892.00
3049.51, 139992.00
3079.14, 140092.00
3849.08, 140192.00
8877.87, 140292.00
4338.79, 140392.00
3069.39, 140592.00
3049.51, 140692.00
3109.38, 140792.00
3368.79, 140892.00
6608.41, 140992.00
11397.72, 141092.00
3619.42, 141192.00
3069.26, 141292.00
3009.52, 141392.00
3109.25, 141492.00
3329.07, 141592.00
5618.65, 141692.00
6748.92, 141792.00
3189.49, 141892.00
2989.28, 141992.00
2999.40, 142092.00
2999.28, 142192.00
3159.37, 142292.00
7098.58, 142492.00
7038.59, 142592.00
3109.50, 142692.00
2979.52, 142792.00
2939.29, 142892.00
2969.52, 142992.00
3919.06, 143092.00
11117.78, 143192.00
3869.23, 143292.00
2909.42, 143392.00
2939.29, 143492.00
2999.40, 143592.00
3799.24, 143692.00
8268.35, 143792.00
5969.04, 143892.00
3119.38, 143992.00
2949.53, 144092.00
2959.41, 144192.00
3009.52, 144392.00
2979.40, 144492.00
2899.54, 144592.00
2889.19, 144692.00
2899.54, 144792.00
2919.53, 144892.00
2929.53, 144992.00
2949.06, 145092.00
2969.41, 145192.00
2999.52, 145292.00
2959.41, 145392.00
2919.42, 145492.00
2939.53, 145592.00
2959.41, 145692.00
2979.52, 145792.00
2999.52, 145892.00
3019.40, 145992.00
3039.27, 146192.00
3019.40, 146292.00
2959.41, 146392.00
2979.40, 146492.00
2999.16, 146592.00
3019.28, 146692.00
3029.52, 146792.00
3049.51, 146892.00
3069.39, 146992.00
3069.26, 147092.00
2979.40, 147192.00
2949.41, 147292.00
2959.53, 147392.00
2999.40, 147492.00
3029.52, 147592.00
3059.27, 147692.00
3099.50, 147792.00
3099.26, 147892.00
3069.02, 148092.00
3049.51, 148192.00
3079.26, 148292.00
3079.38, 148392.00
3089.26, 148492.00
3099.26, 148592.00
3109.38, 148692.00
3119.38, 148792.00
3119.00, 148892.00
3069.39, 148992.00
3069.39, 149092.00
3089.26, 149192.00
3099.50, 149292.00
3109.50, 149392.00
3119.38, 149492.00
3139.25, 149592.00
3129.37, 149692.00
3079.38, 149792.00
3069.26, 149992.00
3099.38, 150092.00
3109.50, 150192.00
3119.50, 150292.00
3129.37, 150392.00
3139.37, 150492.00
3149.37, 150592.00
3129.37, 150692.00
3099.50, 150792.00
3109.38, 150892.00
3119.38, 150992.00
3139.50, 151092.00
3149.50, 151192.00
3159.37, 151292.00
3169.37, 151392.00
3169.49, 151492.00
3149.37, 151592.00
3159.24, 151692.00
3179.11, 151892.00
3169.37, 151992.00
3169.37, 152092.00
3169.37, 152192.00
3169.24, 152292.00
3179.24, 152392.00
3139.12, 152492.00
3119.50, 152592.00
3119.38, 152692.00
3099.26, 152792.00
3099.26, 152892.00
3099.50, 152992.00
3099.26, 153092.00
3109.13, 153192.00
3089.38, 153292.00
3069.51, 153392.00
3099.50, 153492.00
3119.25, 153692.00
3119.50, 153792.00
3119.25, 153892.00
3109.38, 153992.00
3099.38, 154092.00
3089.26, 154192.00
3069.51, 154292.00
3079.26, 154392.00
3079.38, 154492.00
3089.51, 154592.00
3109.50, 154692.00
3119.50, 154792.00
3539.29, 154892.00
19926.01, 154992.00
28701.97, 155092.00
30532.67, 155192.00
30983.81, 155292.00
31451.19, 155392.00
31791.10, 155592.00
31818.55, 155692.00
32193.56, 155792.00
32363.53, 155892.00
14805.85, 155992.00
3199.36, 156092.00
3039.27, 156192.00
2999.40, 156292.00
2989.40, 156392.00
2999.52, 156492.00
3019.52, 156592.00
2999.40, 156692.00
2959.41, 156792.00
2949.53, 156892.00
2969.41, 156992.00
2979.40, 157092.00
2989.28, 157192.00
2979.40, 157292.00
2969.41, 157492.00
2979.40, 157592.00
2989.52, 157692.00
2949.29, 157792.00
2909.42, 157892.00
2879.54, 157992.00
2879.42, 158092.00
2879.42, 158192.00
2849.54, 158292.00
2819.32, 158392.00
2679.36, 158492.00
2599.58, 158592.00
2579.48, 158692.00
2559.59, 158792.00
2579.59, 158892.00
2599.48, 158992.00
2689.46, 159092.00
2659.47, 159292.00
2479.50, 159392.00
2359.43, 159492.00
2329.63, 159592.00
2339.63, 159692.00
2339.53, 159792.00
2349.44, 159892.00
2379.52, 159992.00
2369.53, 160092.00
2329.53, 160192.00
2319.54, 160292.00
2369.53, 160392.00
2449.51, 160492.00
2489.50, 160592.00
2519.60, 160692.00
2529.60, 160792.00
2539.59, 160892.00
2559.59, 160992.00
2599.38, 161092.00
2589.38, 161292.00
2579.48, 161392.00
2589.48, 161492.00
2579.48, 161592.00
2569.38, 161692.00
2609.48, 161792.00
2609.48, 161892.00
2589.48, 161992.00
2579.59, 162092.00
2589.48, 162192.00
2589.59, 162292.00
2599.58, 162392.00
2599.48, 162492.00
2569.49, 162592.00
2539.59, 162692.00
2559.49, 162792.00
2569.59, 162892.00
2579.48, 163092.00
2599.48, 163192.00
2609.48, 163292.00
2609.48, 163392.00
2579.48, 163492.00
2579.48, 163592.00
2579.48, 163692.00
2579.59, 163792.00
2579.38, 163892.00
2579.38, 163992.00
2579.59, 164092.00
2579.48, 164192.00
2549.49, 164292.00
2539.49, 164392.00
2549.59, 164492.00
2549.49, 164592.00
2549.49, 164692.00
2549.49, 164792.00
2549.49, 164992.00
2559.39, 165092.00
2529.60, 165192.00
2529.60, 165292.00
2539.49, 165392.00
2549.39, 165492.00
2559.59, 165592.00
2569.59, 165692.00
2579.48, 165792.00
2579.48, 165892.00
2569.59, 165992.00
2549.59, 166092.00
2549.49, 166192.00
2559.39, 166292.00
2559.49, 166392.00
2559.59, 166492.00
2569.49, 166592.00
2619.58, 166792.00
2669.47, 166892.00
2669.57, 166992.00
2679.46, 167092.00
2699.35, 167192.00
2689.46, 167292.00
2719.35, 167392.00
2749.45, 167492.00
2759.45, 167592.00
2769.45, 167692.00
2729.45, 167792.00
2659.47, 167892.00
2659.47, 167992.00
2669.57, 168092.00
2699.57, 168192.00
2719.56, 168292.00
2729.45, 168392.00
2739.45, 168492.00
2759.34, 168692.00
2749.56, 168792.00
2749.45, 168892.00
2769.45, 168992.00
2779.56, 169092.00
2799.55, 169192.00
2809.44, 169292.00
2829.32, 169392.00
2839.55, 169492.00
2839.43, 169592.00
2819.32, 169692.00
2829.43, 169792.00
2839.43, 169892.00
2849.54, 169992.00
2839.32, 170092.00
2819.44, 170192.00
2819.55, 170292.00
2809.33, 170392.00
2769.45, 170592.00
2749.45, 170692.00
2729.56, 170792.00
2699.57, 170892.00
2679.57, 170992.00
2659.26, 171092.00
2639.37, 171192.00
2659.57, 171292.00
2619.37, 171392.00
2609.37, 171492.00
2619.48, 171592.00
2609.48, 171692.00
2619.58, 171792.00
2629.47, 171892.00
2619.48, 171992.00
2629.58, 172092.00
2609.27, 172192.00
2609.27, 172292.00
2599.48, 172492.00
2629.58, 172592.00
2629.58, 172692.00
2649.47, 172792.00
2679.46, 172892.00
2749.45, 172992.00
2769.45, 173092.00
2779.44, 173192.00
2809.44, 173292.00
2799.33, 173392.00
2809.55, 173492.00
2799.44, 173592.00
2799.33, 173692.00
2789.55, 173792.00
2749.45, 173892.00
2769.45, 173992.00
2779.44, 174092.00
2799.55, 174292.00
2819.55, 174392.00
2839.43, 174492.00
2859.54, 174592.00
2869.20, 174692.00
2839.32, 174792.00
2869.31, 174892.00
2869.43, 174992.00
2869.54, 175092.00
2869.54, 175192.00
2879.19, 175292.00
2889.42, 175392.00
2859.43, 175492.00
2849.43, 175592.00
2869.43, 175692.00
2879.54, 175792.00
2889.42, 175892.00
2899.30, 175992.00
2889.31, 176192.00
2899.42, 176292.00
2869.43, 176392.00
2839.55, 176492.00
2849.32, 176592.00
2849.54, 176692.00
2849.32, 176792.00
2849.43, 176892.00
2849.20, 176992.00
2849.54, 177092.00
2809.21, 177192.00
2789.44, 177292.00
2799.44, 177392.00
2809.55, 177492.00
2819.55, 177592.00
2819.44, 177692.00
2829.32, 177792.00
2829.43, 177892.00
2799.44, 178092.00
2789.44, 178192.00
2799.44, 178292.00
2809.44, 178392.00
2819.55, 178492.00
2829.43, 178592.00
2829.32, 178692.00
2839.55, 178792.00
2819.44, 178892.00
2799.55, 178992.00
2799.44, 179092.00
2819.44, 179192.00
2809.44, 179292.00
2829.43, 179392.00
2829.43, 179492.00
2819.32, 179592.00
2809.44, 179692.00
2779.33, 179892.00
2779.56, 179992.00
2779.44, 180092.00
2779.33, 180192.00
2799.44, 180292.00
2799.44, 180392.00
2809.55, 180492.00
2819.32, 180592.00
2789.55, 180692.00
2789.33, 180792.00
2799.44, 180892.00
2809.44, 180992.00
2819.55, 181092.00
2819.55, 181192.00
2819.44, 181292.00
2819.44, 181392.00
2789.33, 181492.00
2789.33, 181592.00
2799.22, 181792.00
2799.44, 181892.00
2809.33, 181992.00
2799.44, 182092.00
2799.55, 182192.00
2809.55, 182292.00
2779.33, 182392.00
2759.56, 182492.00
2759.45, 182592.00
2749.34, 182692.00
2759.45, 182792.00
2739.56, 182892.00
2699.57, 182992.00
2699.24, 183092.00
2679.46, 183192.00
2659.36, 183292.00
2649.47, 183392.00
2639.47, 183492.00
2639.47, 183692.00
2659.47, 183792.00
2669.47, 183892.00
2679.57, 183992.00
2649.36, 184092.00
2599.48, 184192.00
2599.58, 184292.00
2609.48, 184392.00
2609.48, 184492.00
2609.48, 184592.00
2619.37, 184692.00
2649.26, 184792.00
2639.47, 184892.00
2619.48, 184992.00
2629.47, 185092.00
2639.58, 185192.00
2619.37, 185292.00
2619.48, 185392.00
2639.37, 185592.00
2649.58, 185692.00
2649.58, 185792.00
2639.47, 185892.00
2669.47, 185992.00
2679.57, 186092.00
2699.46, 186192.00
2729.24, 186292.00
2749.34, 186392.00
2779.44, 186492.00
2779.56, 186592.00
2789.33, 186692.00
2829.21, 186792.00
2849.32, 186892.00
2839.55, 186992.00
2819.44, 187092.00
2809.44, 187192.00
2799.33, 187392.00
2739.45, 187492.00
2729.45, 187592.00
2719.46, 187692.00
2719.46, 187792.00
2729.56, 187892.00
2709.35, 187992.00
2699.46, 188092.00
2699.14, 188192.00
2679.46, 188292.00
2679.46, 188392.00
2689.46, 188492.00
2689.57, 188592.00
2689.35, 188692.00
2689.57, 188792.00
2689.46, 188892.00
2689.46, 188992.00
2669.47, 189092.00
2679.57, 189292.00
2679.46, 189392.00
2709.35, 189492.00
2729.56, 189592.00
2749.56, 189692.00
2769.22, 189792.00
2759.45, 189892.00
2729.56, 189992.00
2729.45, 190092.00
2739.34, 190192.00
2739.45, 190292.00
2739.45, 190392.00
2729.56, 190492.00
2719.56, 190592.00
2679.57, 190692.00
2669.47, 190792.00
2679.46, 190892.00
2659.47, 190992.00
2669.36, 191192.00
2679.14, 191292.00
2679.57, 191392.00
2699.46, 191492.00
2689.35, 191592.00
2639.37, 191692.00
2639.47, 191792.00
2639.47, 191892.00
2649.36, 191992.00
2659.47, 192092.00
2679.57, 192192.00
2699.46, 192292.00
2709.35, 192392.00
2689.46, 192492.00
2699.46, 192592.00
2719.35, 192692.00
2729.45, 192792.00
2739.56, 192892.00
2759.45, 193092.00
2769.34, 193192.00
2779.44, 193292.00
2749.34, 193392.00
2739.45, 193492.00
2739.56, 193592.00
2739.34, 193692.00
2739.23, 193792.00
2739.45, 193892.00
2729.56, 193992.00
2729.56, 194092.00
2689.35, 194192.00
2669.47, 194292.00
2669.57, 194392.00
2659.47, 194492.00
2659.47, 194592.00
2669.36, 194692.00
2659.57, 194892.00
2649.58, 194992.00
2619.58, 195092.00
2569.38, 195192.00
2569.49, 195292.00
2569.49, 195392.00
2569.59, 195492.00
2559.59, 195592.00
2549.49, 195692.00
2539.39, 195792.00
2519.50, 195892.00
2489.50, 195992.00
2579.38, 196092.00
2989.40, 196192.00
4289.14, 196292.00
9338.13, 196392.00
17016.60, 196492.00
21484.84, 196592.00
23064.47, 196792.00
7807.81, 196892.00
2759.56, 196992.00
2689.57, 197092.00
2639.58, 197192.00
2619.58, 197292.00
2589.48, 197392.00
2579.48, 197492.00
2589.48, 197592.00
2569.59, 197692.00
2549.49, 197792.00
2479.60, 197892.00
2369.43, 197992.00
2319.63, 198092.00
2469.51, 198192.00
2629.47, 198292.00
2659.57, 198392.00
2629.58, 198492.00
2619.58, 198692.00
2689.46, 198792.00
2849.54, 198892.00
2379.52, 198992.00
2209.56, 199092.00
4909.02, 199192.00
8678.26, 199292.00
3189.49, 199392.00
2719.46, 199492.00
2729.56, 199592.00
2559.59, 199692.00
2089.50, 199792.00
1929.61, 199892.00
1819.71, 199992.00
1759.65, 200092.00
1729.58, 200192.00
1689.73, 200292.00
1659.60, 200492.00
